9 0 57 0
10 0 57 0
11 0 57 0
12 0 57 0
13 0 57 0
9 1 58 0
10 0 58 0
11 0 58 1
12 0 58 1
13 0 58 1
9 1 59 1
10 1 59 0
11 0 59 0
12 0 59 2
13 0 59 2
9 1 60 2
10 1 60 1
11 1 60 0
12 0 60 0
13 0 60 3
9 1 61 3
10 1 61 2
11 1 61 1
12 1 61 0
13 0 61 0
9 1 62 4
10 1 62 3
11 1 62 2
12 1 62 1
13 1 62 0
9 1 63 0
10 1 63 4
11 1 63 3
12 1 63 2
13 1 63 1
9 2 64 0
10 1 64 5
11 1 64 4
12 1 64 3
13 1 64 2
9 2 65 1
10 1 65 0
11 1 65 5
12 1 65 4
13 1 65 3
9 2 66 2
10 2 66 0
11 1 66 6
12 1 66 5
13 1 66 4
9 2 67 3
10 2 67 1
11 1 67 0
12 1 67 6
13 1 67 5
9 2 68 4
10 2 68 2
11 2 68 0
12 1 68 7
13 1 68 6
9 2 69 5
10 2 69 3
11 2 69 1
12 1 69 0
13 1 69 7
9 2 70 6
10 2 70 4
11 2 70 2
12 2 70 0
13 1 70 8
9 2 71 7
10 2 71 5
11 2 71 3
12 2 71 1
13 1 71 0
9 2 72 8
10 2 72 6
11 2 72 4
12 2 72 2
13 2 72 0
9 2 73 0
10 2 73 7
11 2 73 5
12 2 73 3
13 2 73 1
9 2 74 0
10 2 74 8
11 2 74 6
12 2 74 4
13 2 74 2
9 2 75 0
10 2 75 9
11 2 75 7
12 2 75 5
13 2 75 3
9 3 76 0
10 2 76 10
11 2 76 8
12 2 76 6
13 2 76 4
9 3 77 1
10 2 77 0
11 2 77 9
12 2 77 7
13 2 77 5
9 3 78 2
10 2 78 0
11 2 78 10
12 2 78 8
13 2 78 6
9 3 79 3
10 2 79 0
11 2 79 11
12 2 79 9
13 2 79 7
9 3 80 4
10 3 80 0
11 2 80 12
12 2 80 10
13 2 80 8
9 3 81 5
10 3 81 1
11 2 81 0
12 2 81 11
13 2 81 9
9 3 82 6
10 3 82 2
11 2 82 0
12 2 82 12
13 2 82 10
9 3 83 7
10 3 83 3
11 2 83 0
12 2 83 13
13 2 83 11
9 3 84 8
10 3 84 4
11 3 84 0
12 2 84 14
13 2 84 12
9 3 85 9
10 3 85 5
11 3 85 1
12 2 85 0
13 2 85 13
9 3 86 10
10 3 86 6
11 3 86 2
12 2 86 0
13 2 86 14
9 3 87 11
10 3 87 7
11 3 87 3
12 2 87 0
13 2 87 15
9 3 88 12
10 3 88 8
11 3 88 4
12 3 88 0
13 2 88 16
9 3 89 13
10 3 89 9
11 3 89 5
12 3 89 1
13 2 89 0
9 3 90 14
10 3 90 10
11 3 90 6
12 3 90 2
13 2 90 0
9 3 91 15
10 3 91 11
11 3 91 7
12 3 91 3
13 2 91 0
9 3 92 16
10 3 92 12
11 3 92 8
12 3 92 4
13 3 92 0
9 3 93 0
10 3 93 13
11 3 93 9
12 3 93 5
13 3 93 1
9 3 94 0
10 3 94 14
11 3 94 10
12 3 94 6
13 3 94 2
9 3 95 0
10 3 95 15
11 3 95 11
12 3 95 7
13 3 95 3
9 3 96 0
10 3 96 16
11 3 96 12
12 3 96 8
13 3 96 4
9 3 97 0
10 3 97 17
11 3 97 13
12 3 97 9
13 3 97 5
9 3 98 0
10 3 98 18
11 3 98 14
12 3 98 10
13 3 98 6
9 3 99 0
10 3 99 19
11 3 99 15
12 3 99 11
13 3 99 7
9 3 100 0
10 3 100 20
11 3 100 16
12 3 100 12
13 3 100 8
9 3 101 1
10 3 101 0
11 3 101 17
12 3 101 13
13 3 101 9
9 3 102 2
10 3 102 0
11 3 102 18
12 3 102 14
13 3 102 10
9 3 103 3
10 3 103 0
11 3 103 19
12 3 103 15
13 3 103 11
9 3 104 4
10 3 104 0
11 3 104 20
12 3 104 16
13 3 104 12
9 3 105 5
10 3 105 0
11 3 105 21
12 3 105 17
13 3 105 13
9 3 106 6
10 3 106 0
11 3 106 22
12 3 106 18
13 3 106 14
9 3 107 7
10 3 107 0
11 3 107 23
12 3 107 19
13 3 107 15
9 3 108 8
10 3 108 0
11 3 108 24
12 3 108 20
13 3 108 16
9 3 109 9
10 3 109 1
11 3 109 0
12 3 109 21
13 3 109 17
9 3 110 10
10 3 110 2
11 3 110 0
12 3 110 22
13 3 110 18
9 3 111 11
10 3 111 3
11 3 111 0
12 3 111 23
13 3 111 19
9 3 112 12
10 3 112 4
11 3 112 0
12 3 112 24
13 3 112 20
9 3 113 13
10 3 113 5
11 3 113 0
12 3 113 25
13 3 113 21
9 3 114 14
10 3 114 6
11 3 114 0
12 3 114 26
13 3 114 22
9 3 115 15
10 3 115 7
11 3 115 0
12 3 115 27
13 3 115 23
9 3 116 16
10 3 116 8
11 3 116 0
12 3 116 28
13 3 116 24
9 3 117 17
10 3 117 9
11 3 117 1
12 3 117 0
13 3 117 25
9 3 118 18
10 3 118 10
11 3 118 2
12 3 118 0
13 3 118 26
9 3 119 19
10 3 119 11
11 3 119 3
12 3 119 0
13 3 119 27
9 3 120 20
10 3 120 12
11 3 120 4
12 3 120 0
13 3 120 28
9 3 121 21
10 3 121 13
11 3 121 5
12 3 121 0
13 3 121 29
9 3 122 22
10 3 122 14
11 3 122 6
12 3 122 0
13 3 122 30
9 3 123 23
10 3 123 15
11 3 123 7
12 3 123 0
13 3 123 31
9 3 124 24
10 3 124 16
11 3 124 8
12 3 124 0
13 3 124 32
9 3 125 25
10 3 125 17
11 3 125 9
12 3 125 1
13 3 125 0
9 3 126 26
10 3 126 18
11 3 126 10
12 3 126 2
13 3 126 0
9 3 127 27
10 3 127 19
11 3 127 11
12 3 127 3
13 3 127 0
9 3 128 28
10 3 128 20
11 3 128 12
12 3 128 4
13 3 128 0
9 3 129 29
10 3 129 21
11 3 129 13
12 3 129 5
13 3 129 0
9 3 130 30
10 3 130 22
11 3 130 14
12 3 130 6
13 3 130 0
9 3 131 31
10 3 131 23
11 3 131 15
12 3 131 7
13 3 131 0
9 3 132 32
10 3 132 24
11 3 132 16
12 3 132 8
13 3 132 0
9 3 133 0
10 3 133 25
11 3 133 17
12 3 133 9
13 3 133 1
9 3 134 0
10 3 134 26
11 3 134 18
12 3 134 10
13 3 134 2
9 3 135 0
10 3 135 27
11 3 135 19
12 3 135 11
13 3 135 3
9 3 136 0
10 3 136 28
11 3 136 20
12 3 136 12
13 3 136 4
9 3 137 0
10 3 137 29
11 3 137 21
12 3 137 13
13 3 137 5
9 3 138 0
10 3 138 30
11 3 138 22
12 3 138 14
13 3 138 6
9 3 139 0
10 3 139 31
11 3 139 23
12 3 139 15
13 3 139 7
9 3 140 0
10 3 140 32
11 3 140 24
12 3 140 16
13 3 140 8
9 3 141 1
10 3 141 0
11 3 141 25
12 3 141 17
13 3 141 9
9 3 142 2
10 3 142 0
11 3 142 26
12 3 142 18
13 3 142 10
9 3 143 3
10 3 143 0
11 3 143 27
12 3 143 19
13 3 143 11
9 3 144 4
10 3 144 0
11 3 144 28
12 3 144 20
13 3 144 12
9 3 145 5
10 3 145 0
11 3 145 29
12 3 145 21
13 3 145 13
9 3 146 6
10 3 146 0
11 3 146 30
12 3 146 22
13 3 146 14
9 3 147 7
10 3 147 0
11 3 147 31
12 3 147 23
13 3 147 15
9 3 148 8
10 3 148 0
11 3 148 32
12 3 148 24
13 3 148 16
9 3 149 9
10 3 149 1
11 3 149 0
12 3 149 25
13 3 149 17
9 3 150 10
10 3 150 2
11 3 150 0
12 3 150 26
13 3 150 18
9 3 151 11
10 3 151 3
11 3 151 0
12 3 151 27
13 3 151 19
9 3 152 12
10 3 152 4
11 3 152 0
12 3 152 28
13 3 152 20
9 3 153 13
10 3 153 5
11 3 153 0
12 3 153 29
13 3 153 21
9 3 154 14
10 3 154 6
11 3 154 0
12 3 154 30
13 3 154 22
9 3 155 15
10 3 155 7
11 3 155 0
12 3 155 31
13 3 155 23
9 3 156 16
10 3 156 8
11 3 156 0
12 3 156 32
13 3 156 24
9 3 157 17
10 3 157 9
11 3 157 1
12 3 157 0
13 3 157 25
9 3 158 18
10 3 158 10
11 3 158 2
12 3 158 0
13 3 158 26
9 3 159 19
10 3 159 11
11 3 159 3
12 3 159 0
13 3 159 27
9 3 160 20
10 3 160 12
11 3 160 4
12 3 160 0
13 3 160 28
9 3 161 21
10 3 161 13
11 3 161 5
12 3 161 0
13 3 161 29
9 3 162 22
10 3 162 14
11 3 162 6
12 3 162 0
13 3 162 30
9 3 163 23
10 3 163 15
11 3 163 7
12 3 163 0
13 3 163 31
9 3 164 24
10 3 164 16
11 3 164 8
12 3 164 0
13 3 164 32
9 3 165 25
10 3 165 17
11 3 165 9
12 3 165 1
13 3 165 0
9 3 166 26
10 3 166 18
11 3 166 10
12 3 166 2
13 3 166 0
9 3 167 27
10 3 167 19
11 3 167 11
12 3 167 3
13 3 167 0
9 3 168 28
10 3 168 20
11 3 168 12
12 3 168 4
13 3 168 0
9 3 169 29
10 3 169 21
11 3 169 13
12 3 169 5
13 3 169 0
9 3 170 30
10 3 170 22
11 3 170 14
12 3 170 6
13 3 170 0
9 3 171 31
10 3 171 23
11 3 171 15
12 3 171 7
13 3 171 0
9 3 172 32
10 3 172 24
11 3 172 16
12 3 172 8
13 3 172 0
9 3 173 0
10 3 173 25
11 3 173 17
12 3 173 9
13 3 173 1
9 3 174 0
10 3 174 26
11 3 174 18
12 3 174 10
13 3 174 2
9 3 175 0
10 3 175 27
11 3 175 19
12 3 175 11
13 3 175 3
9 3 176 0
10 3 176 28
11 3 176 20
12 3 176 12
13 3 176 4
9 3 177 0
10 3 177 29
11 3 177 21
12 3 177 13
13 3 177 5
10 3 178 30
11 3 178 22
12 3 178 14
13 3 178 6
10 3 179 0
11 3 179 23
12 3 179 15
13 3 179 7
10 3 180 0
11 3 180 24
12 3 180 16
13 3 180 8
10 3 181 0
11 3 181 25
12 3 181 17
13 3 181 9
10 3 182 0
11 3 182 26
12 3 182 18
13 3 182 10
10 3 183 0
11 3 183 27
12 3 183 19
13 3 183 11
11 3 184 28
12 3 184 20
13 3 184 12
11 3 185 0
12 3 185 21
13 3 185 13
11 3 186 0
12 3 186 22
13 3 186 14
11 3 187 0
12 3 187 23
13 3 187 15
11 3 188 0
12 3 188 24
13 3 188 16
11 3 189 0
12 3 189 25
13 3 189 17
12 3 190 26
13 3 190 18
12 3 191 0
13 3 191 19
12 3 192 0
13 3 192 20
12 3 193 0
13 3 193 21
12 3 194 0
13 3 194 22
12 3 195 0
13 3 195 23
13 3 196 24
13 3 197 0
13 3 198 0
13 3 199 0
13 3 200 0
13 3 201 0
